6712	1668
6712	3215
8563	26716
8563	4323
13666	19262
28689	20804
28689	6778
28801	702
28801	8422
5006	20283
5006	21902
5006	25637
5006	17162
5006	18581
5006	11401
5006	16904
5006	21730
5006	7018
5006	14278
5006	18454
5006	1347
5006	26021
5006	7792
5006	16595
5006	10337
5006	4045
5006	18699
5006	7973
5006	25615
5006	18723
5006	1239
5006	10765
5006	22555
5006	25694
5006	78
5006	15011
5006	25720
5006	701
5006	15100
5006	10377
5006	19458
5006	21573
5006	7263
5006	8148
5006	15267
5006	26557
5006	3679
5006	14738
5006	14367
5006	7845
5006	14619
5006	555
5006	16612
5006	11544
8434	3292
8434	12996
8434	6785
8434	15560
8434	2865
8434	2116
8434	20569
8434	28942
8434	3303
8434	16086
8434	3293
8434	3257
8434	13237
8434	29607
8434	15659
8434	25148
8434	21119
8434	1741
8434	21171
8434	1257
8434	30737
8434	719
8434	16207
8434	15765
8434	13052
8434	13276
8434	21202
8434	13308
8434	16095
8434	13243
8434	20542
8434	3308
8434	8881
8434	12435
8434	8786
8434	12929
8434	5381
8434	20513
8434	25387
8434	20574
8434	25475
8434	9173
8434	13212
8434	29422
8434	13189
8434	29282
8434	24819
8434	6830
8434	2119
8434	29506
8434	30798
8434	16150
8434	29517
8434	1835
8434	16245
8434	24959
8434	25252
8434	29300
8434	8896
8434	21297
8434	224
8434	15950
8434	1759
8434	702
8434	21293
8434	16065
8434	29266
8434	24713
8434	25201
8434	1342
8434	13069
8434	9167
8434	3549
8434	2603
8434	5377
8434	2686
29429	20646
29648	28745
29648	3239
19067	209
19067	3356
65441	16441
18581	5006
16553	3561
14308	701
14308	11853
7652	9942
7652	7586
7652	703
4863	4637
4628	17926
4628	4788
4628	9292
4628	703
4628	2706
4628	9226
4628	9892
4628	4765
4628	18377
4628	5511
4628	714
4628	4637
4628	3320
4628	7473
4628	9625
4628	19012
13279	8856
22537	701
22537	21637
18100	7579
18100	7474
20620	10530
1932	7018
1932	3549
17773	17633
17773	4837
17773	9800
12798	8301
30125	8966
1785	10882
1785	10963
1785	27344
1785	16896
1785	11023
1785	21704
1785	7828
1785	15050
1785	22252
1785	3820
1785	11931
1785	11452
1785	25911
1785	4474
1785	22597
1785	25816
1785	13237
1785	26055
1785	26628
1785	22077
1785	10493
1785	20108
1785	19343
1785	5641
1785	23171
1785	26099
1785	19674
1785	6067
1785	27211
1785	21806
1785	26635
1785	6939
1785	19661
1785	23484
1785	4017
1785	20072
1785	7911
1785	30150
1785	25936
1785	11916
1785	11817
1785	4969
1785	26727
1785	11534
1785	14242
1785	13972
1785	26924
1785	20306
1785	12220
1785	6522
1785	30544
1785	88
1785	5647
1785	15356
1785	26820
1785	30566
1785	14223
1785	16670
1785	26881
1785	22642
1785	16500
1785	26808
1785	26294
1785	23262
1785	4231
1785	13498
1785	17019
1785	16554
1785	19460
1785	14996
1785	21781
23058	3741
23058	2905
18471	1239
18471	2828
18471	6347
9363	3549
17145	701
17145	1239
18324	4766
18324	3786
26844	1239
26844	6347
29030	9127
29030	20685
27480	701
27480	1239
27459	2551
15172	701
17206	209
17206	14633
18860	701
18860	7018
19092	30110
19092	11507
19092	21864
19092	11252
19092	7745
19092	22629
19092	701
19092	19947
19092	3908
19092	27008
19092	11699
19092	6539
19092	11608
19092	6373
19092	13649
19092	12126
19092	210
19092	14149
19092	209
19092	10880
19092	29822
19092	22984
19092	30189
19092	23492
19092	3356
19092	12009
20998	702
20998	4589
19757	1239
19757	7018
14392	701
14392	6467
3957	10910
3957	16631
3957	6128
8409	3316
19720	6128
24783	13257
24783	8342
22320	6939
10441	7018
12093	26677
12093	14472
11169	1239
11169	7018
14816	2828
14816	11363
9638	3786
16355	1836
16355	8220
1244	701
1244	16631
29393	4474
29393	10255
29393	3410
25953	209
25953	1239
29	209
29	7018
29	10578
21836	6347
24616	21166
30140	19406
20226	701
20226	7018
28818	702
28818	3300
11879	701
6358	2914
6358	3549
21215	15982
16043	20485
16043	2854
4358	701
4358	22239
4358	3356
4358	13475
4358	19589
14729	1784
14729	14742
22495	701
10701	12198
10701	19962
10701	14658
22876	4230
22876	17379
29973	6517
16410	6395
16410	1239
15021	6461
15021	1239
15021	10911
6587	6395
6587	3561
16622	6395
21223	702
11648	2647
25867	577
25867	3561
16084	9066
21363	9116
21363	5486
11427	1668
11427	12270
11427	3356
22961	1239
22961	13488
30744	9116
30744	1680
18391	4637
18391	2914
9600	2914
9600	2527
9600	3549
9600	9619
26831	701
20962	12713
7337	701
7337	15243
7337	1239
7337	22644
15671	12450
15671	8391
15671	8881
15671	15540
15671	21026
10129	4637
10129	7474
24731	8895
24731	20759
26317	19199
26317	16422
15465	21150
15465	1273
9968	4766
9968	3786
26707	209
26707	4323
26002	13504
14467	2379
14467	6395
14467	4323
13633	7018
13633	3549
5464	8741
5464	286
5464	24836
11280	701
25747	22306
25747	16467
25747	13999
25747	10911
25747	13805
9985	10223
9985	7474
3475	721
5401	1273
4319	21519
4319	6539
4319	11608
4319	23265
4319	15290
4319	25700
8193	15531
8193	1759
8193	4134
20906	8220
20906	3352
6327	5071
6327	22208
6327	18650
6327	14651
6327	12956
6327	4589
6327	8121
6327	20161
6327	6638
6327	3303
6327	13911
6327	16941
6327	2497
6327	25983
6327	3257
6327	13237
6327	2899
6327	4637
6327	3602
6327	3557
6327	25999
6327	19062
6327	6939
6327	18968
6327	7826
6327	701
6327	22950
6327	7911
6327	18638
6327	17392
6327	14280
6327	10965
6327	5764
6327	13937
6327	27327
6327	19752
6327	11625
6327	19190
6327	19875
6327	23163
6327	25749
6327	23184
6327	11608
6327	5511
6327	14366
6327	22799
6327	12188
6327	271
6327	30500
6327	7992
6327	21804
6327	1668
6327	8057
6327	30092
6327	19016
6327	6539
6327	22623
6327	6407
6327	8210
6327	13365
6327	2914
6327	23523
6327	30370
6327	15290
6327	23229
6327	27181
6327	852
6327	21671
27193	6130
27193	22837
27193	30085
21316	8503
11869	1
11869	1239
14363	1239
14363	7018
29191	16179
15995	5522
12794	8705
12794	9121
21110	15570
6894	6461
6894	1299
6894	8836
6894	3257
6894	8375
28718	8573
28718	6799
4261	7963
4261	7018
23311	701
23311	7018
20778	15694
20778	5617
20778	12741
20459	25222
20459	26625
20459	2905
20459	5713
10390	13791
10390	1239
10390	13790
27493	5696
27493	6395
21881	12181
8	2914
8	4557
7479	4635
7479	4058
7479	2516
7479	4658
18469	701
18469	3561
10220	17975
10220	9448
10220	9251
12787	4645
12787	5400
12787	1299
12787	3491
12787	13237
29842	19956
11220	19024
21091	702
21091	3291
19727	1239
14870	701
14870	10911
14870	3561
9683	9318
25047	9000
27274	237
27274	7132
21234	3320
22316	6221
22316	701
24629	8591
19071	3561
19071	6598
16073	12670
4993	4200
8611	5408
21057	702
21057	5511
21057	24633
13366	1239
13366	17054
14419	3561
12028	12181
24727	6803
23171	7018
23171	1785
12882	8220
15972	20671
13581	3356
13581	7018
14891	1239
14891	3786
14891	6939
14891	13237
14891	4637
14891	12956
14891	1668
14891	7018
4704	2914
4704	9225
4704	2497
4704	2516
4704	4694
29187	21455
29187	12530
21806	7018
21806	1785
14349	7018
14349	3549
18026	4766
18026	9270
18026	3786
5433	3267
21997	6402
29363	28745
10430	30341
10430	3935
10430	30075
10430	27183
10430	22441
10430	101
23416	16629
17988	17538
17988	9789
17988	18059
17988	5511
17988	703
17988	7590
20983	5617
22237	701
22237	6347
18339	4766
11458	1239
15852	12481
10052	4766
10052	9270
10052	3786
22813	701
7514	2914
7514	23620
7514	2497
7514	9225
7514	10013
7514	7516
7514	2516
13661	27270
13661	19262
18447	701
18447	1239
11383	701
11383	6517
27471	1239
27471	13386
22355	12258
22355	2905
22355	6453
30428	209
30428	7270
21394	12797
21394	1267
22087	701
22087	6386
22087	7018
12543	29497
12543	8342
12543	28980
12543	20485
9859	4766
9859	3786
15984	6731
27174	701
27174	1239
15026	701
7184	18592
7184	6503
7184	27689
26013	1239
15705	1273
15705	12964
12270	11427
4570	7132
10238	9729
1	15084
1	13865
1	16405
1	14418
1	27448
1	11302
1	4589
1	20167
1	15130
1	5750
1	30685
1	14480
1	2516
1	4963
1	26091
1	19300
1	23479
1	17100
1	11264
1	17129
1	26979
1	1343
1	10616
1	13789
1	14839
1	14298
1	6541
1	6167
1	14344
1	11051
1	3494
1	12007
1	2559
1	16831
1	226
1	10325
1	19570
1	7473
1	3356
1	26157
1	6301
1	25900
1	6564
1	19103
1	3134
1	5977
1	19916
1	11382
1	5466
1	13663
1	2933
1	3405
1	4927
1	7949
1	22962
1	2381
1	22325
1	22277
1	30163
1	3495
1	10864
1	10719
1	11869
1	22971
1	26203
1	26848
1	11787
1	11598
1	17170
1	10806
1	27402
1	21657
1	13387
1	6435
1	21777
1	11563
1	18694
1	2714
1	22110
1	21549
1	30607
1	6966
1	3303
1	17317
1	3705
1	20060
1	7914
1	16798
1	27600
1	23351
1	12037
1	20220
1	201
1	10794
1	14011
1	6062
1	189
1	7963
1	26492
1	22063
1	22883
1	21617
1	4536
1	20427
1	12181
1	8220
1	14320
1	10890
1	11716
1	14500
1	20119
1	11525
1	21984
1	6482
1	19888
1	10700
1	23427
1	6122
1	27022
1	70
1	26553
1	26925
1	18708
1	13819
1	18963
1	11020
1	2881
1	14927
1	6118
1	6139
1	14022
1	26841
1	6349
1	5113
1	7738
1	11407
1	27412
1	13662
1	10979
1	15288
1	16524
1	13828
1	10317
1	11669
1	19130
1	3599
1	22074
1	12192
16527	701
16527	7018
12262	30628
12262	10796
5554	15410
22227	10476
19252	5650
4184	209
4184	2551
12991	8437
12991	1853
17166	2914
17166	7018
23318	1239
23318	3356
25266	6849
20402	1239
20402	7018
8100	7333
15521	3549
12347	4589
12347	3320
12347	6730
12347	3561
12347	8210
9873	7473
9873	9881
30238	701
22527	701
22527	209
21181	8220
21181	8903
10075	9911
26929	13768
29164	8468
22292	701
18528	701
18528	3356
18528	26423
23379	2828
4200	3292
4200	6461
4200	2548
4200	2828
4200	30033
4200	6402
4200	21981
4200	5081
4200	376
4200	19962
4200	3303
4200	7018
4200	22969
4200	4993
4200	11608
4200	29814
4200	3491
4200	3257
4200	13680
4200	4637
4200	22298
4200	2381
4200	4565
4200	6453
4200	22384
4200	4670
4200	9318
4200	30085
4200	701
4200	22275
4200	1668
4200	20406
4200	23352
4200	7911
4200	29994
4200	16713
4200	8210
4200	11270
4200	7260
4200	3549
4200	14909
4200	16559
4200	2914
4200	11755
4200	5650
4200	7473
4200	3356
4200	293
4200	22934
17003	701
17003	7018
11633	701
15950	8434
15950	13308
28725	5400
28725	20884
1975	1239
1975	7018
30197	701
30197	7018
30082	209
30082	701
30082	7018
11443	701
11443	3356
11443	3549
8214	5408
12565	8220
12565	3257
12565	3303
29140	21501
17927	17769
17927	5511
17927	17727
4827	4750
25154	6846
23659	2042
23659	9930
9842	4766
9842	4670
19741	14551
19741	6503
19741	14000
19741	26608
20378	6461
14065	7018
13196	7990
26800	701
26800	7018
16203	8903
16203	3352
11707	1668
17342	10913
8711	8342
8711	21127
8711	2854
13233	15717
21236	21305
21236	6697
21236	21166
13589	9340
13589	6395
13589	4787
13589	18059
13589	16094
13589	17451
13589	8443
13589	9251
13589	18156
13589	18200
13589	4565
13589	17480
13589	8920
13589	7545
20828	16243
11975	17373
11975	7066
25781	10910
25781	701
18869	13489
23273	4323
8153	701
8153	6539
8153	15290
8153	14177
8153	3356
8153	7018
8153	5511
8153	3561
10344	27553
21301	702
21301	3549
25426	3356
775	1309
19986	2548
19986	1239
20594	8472
20594	9072
18945	1239
18945	3356
5668	701
5668	7018
5668	3549
20	5650
20	6395
20	3754
27424	25752
27424	16631
9808	701
9808	1239
9808	3320
9808	3549
14328	701
14328	7018
30279	701
29273	5603
20046	7018
20046	11486
20046	3561
14898	701
14898	6198
14898	6384
14898	7018
14898	3561
26367	22335
26367	6325
25968	13504
29149	4148
29149	1680
30336	5769
30336	852
16420	701
16420	23215
16420	6517
16420	3491
26469	8114
21732	12181
78	5006
12473	2914
12473	5587
7247	3066
6612	209
15474	2603
5571	7911
5571	6939
5571	13237
5571	8210
5571	4637
5571	4589
5571	8297
5571	15677
5571	8190
13110	1299
13110	8246
21649	209
764	5515
19156	701
19156	1239
26581	1239
26581	4323
29828	209
29828	7018
9697	9848
7634	9226
26974	701
26974	17263
12021	19752
12021	11647
12021	14366
12021	19405
12021	5664
12021	3602
12021	701
12021	23237
12021	15290
12021	23373
12021	11103
12021	852
21983	701
21983	1239
20009	2548
20009	6395
8754	3269
19615	1239
11754	2914
11754	3462
11754	17285
11754	3561
15681	702
15681	2686
26777	701
26777	7132
14703	1239
14703	11796
20749	13045
20749	8220
25608	16582
25608	7018
10083	17486
10083	703
18055	1221
18055	7474
27393	209
10787	7911
10787	7132
15881	15471
6220	701
6220	3356
6220	3549
9973	4766
9973	3786
30441	1239
30441	15154
9930	3491
9930	9304
9930	23659
9930	10111
9930	9655
8519	288
13684	701
13684	7018
20947	9141
24795	9132
24795	8220
15723	13126
24839	2614
24839	6746
19232	3741
19232	2686
20976	20834
20976	25396
20976	4589
20976	28882
20976	3491
20976	6939
23277	209
25436	8342
7087	19731
7087	26608
27596	2828
27596	3356
24631	13126
23149	701
23149	1239
15486	702
15486	5669
13227	8342
13227	2854
112	3292
112	10515
112	22548
112	8674
112	6320
112	6895
112	10084
112	7500
112	8943
112	16150
112	20538
112	3557
112	7018
20553	5617
22325	1
22325	18695
22325	11584
22325	26627
19873	7738
19873	4230
19873	17379
23727	10223
15793	1257
15457	8657
26289	10910
25710	19982
16273	1759
16273	6667
9935	4515
9935	9653
21525	5650
20237	4513
16455	3356
16455	3549
9543	1221
9543	2764
11500	6517
11500	3404
8851	7911
8851	6461
8851	1239
8851	3491
8851	6939
8851	13237
8851	8210
8851	4637
8851	4589
8851	12956
8851	3303
8851	3356
25516	8220
25516	3356
7845	7911
7845	701
7845	5006
7845	27643
7845	10926
7845	26248
10161	4766
10161	9318
10161	3786
17913	9237
17913	17175
16102	6461
16102	8553
16102	8272
16102	29446
29703	6539
29703	852
12258	22355
12258	5713
26618	6503
26618	13591
23392	1239
26937	6181
26496	4267
26496	3561
30319	3
30319	3491
5745	26608
19683	701
26	6395
26	3754
2116	3292
2116	29300
2116	3293
2116	3257
2116	8434
2116	3561
2116	3549
2116	21201
2116	29517
2116	21293
2116	24959
2116	12994
12334	3320
12334	16338
12334	13237
12334	5511
23247	701
23247	4513
26908	14744
26908	6993
23632	9622
18173	17557
18173	17175
18173	15412
19415	13789
19415	7018
9117	9116
9117	3339
9117	1680
9117	8584
25888	6467
25888	3356
29605	8928
29605	12600
30349	2828
30349	6453
8251	12654
8251	6461
8251	6762
8251	3257
8251	13237
8251	8918
8251	8210
8251	4589
8251	12956
8251	3303
6568	27722
6568	6762
6568	25620
6568	22541
12954	702
12954	3269
20897	6703
14608	19029
16171	702
16171	2110
23193	17054
23193	16631
11615	1239
11615	7018
3458	701
3458	1239
6008	1913
22987	22692
22987	4565
22987	8001
6744	5408
7963	1
7963	1239
7963	4261
18958	701
18958	5696
12734	12797
48	668
16122	9004
10968	701
10968	7018
12125	14744
12692	2686
16580	10933
3585	701
3585	7018
19464	7066
25305	8220
18663	1239
26353	15206
26353	3561
19897	16852
29377	15837
20628	8470
26720	6181
26720	30628
29018	25074
29018	15598
25707	1239
25707	7018
14675	701
14675	7018
30677	19548
4243	701
4243	1239
4243	7018
4243	7891
18577	701
18577	1239
13534	701
20096	2914
20096	3356
29861	209
30383	701
30383	7018
13353	16736
13353	11338
13353	26107
13353	22381
13353	21741
13353	26090
13353	14886
13353	16891
13353	10362
13353	4230
13353	19244
13353	16735
13353	26598
15607	1267
15607	20959
14758	209
11964	11995
11964	7018
8011	22806
8011	6076
8011	22734
8011	3561
8011	4323
8011	3549
8011	26023
8011	2914
8011	21851
8011	3356
22976	209
22976	701
16245	8434
16245	13237
16245	3549
10844	19051
10844	701
10844	7018
10844	3561
16302	13276
28811	20663
28811	13174
7530	17953
7530	10007
27582	15218
27582	7132
24706	8705
20991	1239
20991	3561
19388	2914
19388	701
19388	1239
19388	4725
19388	4513
19388	3356
12679	8470
18375	1221
17033	1239
17033	7018
13779	1784
16356	1273
1313	2914
1313	3491
1313	3549
25833	15290
20890	702
20890	8404
20890	3300
7891	4243
7891	6389
7891	13685
7891	25988
22281	701
22281	2828
8634	3216
6048	1913
1843	297
25235	25228
15515	3313
15515	2686
19155	6381
18185	9916
18185	9505
1294	701
1294	209
23365	7018
26258	701
26258	7018
23022	701
23022	6517
12137	4265
12137	12182
13755	5661
13755	4323
30454	701
29690	8895
16834	701
16834	7132
1358	701
1358	6621
7894	15148
7894	14961
7894	6389
7894	20215
9438	10113
25934	209
25934	3356
24856	12457
24856	8903
30760	8447
10111	2042
10111	4788
10111	9930
13069	3292
13069	8434
13069	21318
19796	2548
19796	3356
6510	5650
6510	2828
6510	210
18632	7911
18632	1239
3607	703
3607	1221
3607	7474
20645	9188
20645	3320
781	2200
19544	16631
28785	5617
28785	8246
9323	9316
9323	4766
18456	701
21136	5507
21136	5561
22409	701
22409	1239
18362	4765
18362	7654
12406	12947
12406	20852
12406	6697
12406	21043
12406	12358
12406	15842
11272	7911
11272	1239
25278	15471
25278	8708
12115	2914
12115	1239
15411	3292
15411	8220
9867	4766
9867	3786
5578	12426
5578	5588
5578	15955
5578	24791
5578	20502
5578	24980
26197	209
26197	20112
11315	20207
11315	20321
11315	26608
11315	3356
11315	19422
29219	6461
26328	209
26328	701
19709	7018
8486	8764
8723	5511
8723	24990
29788	16670
10193	9318
26277	7911
26277	5650
26277	6561
15014	7132
17219	7018
8801	702
8801	6730
8801	12652
25991	701
25991	7018
21171	3292
21171	8434
15954	702
15954	3356
89	3739
89	668
25417	3246
8058	701
8058	7018
25021	702
25021	8404
20196	16948
20196	7018
10229	3462
29005	5432
23896	9911
10026	17885
10026	23756
10026	4802
10026	3549
23207	13504
1454	668
13401	5583
13401	7018
19328	701
19328	19548
18348	2687
18348	9325
13319	3602
13319	26227
8528	1299
8528	1239
14811	701
14811	7018
18721	209
18721	701
15466	2686
15466	15435
25125	9116
12229	209
12229	7018
8661	6762
20883	3246
20883	8984
18491	209
18491	3356
19563	701
19563	3356
11916	6395
11916	1785
10550	6922
22289	7260
22289	4323
17713	9505
7219	16631
22606	4231
22606	7018
27696	23520
27696	1239
11595	1239
11595	7018
2150	23309
2150	25664
2150	2151
2150	26066
2150	209
2150	23369
2150	23483
2150	11423
2150	11422
2150	22226
2150	10294
2150	23323
8704	6697
8191	22773
8191	6261
18878	701
18878	12179
14743	1239
14743	21910
14743	26951
14743	14494
14743	18590
14743	7235
14743	3561
14743	26579
14743	5068
14743	27615
14743	701
14743	26026
14743	17012
14743	7018
14743	10458
14743	14803
14743	26535
14743	17370
14743	13968
14743	14398
14743	3549
14743	2914
14743	6949
14743	18872
14743	3356
14743	18716
14743	16974
26164	1239
26164	7018
21273	702
21273	6730
29282	8434
13219	2687
13219	703
11279	6461
11279	7018
11279	7066
29821	3404
19523	701
19523	4323
25460	5631
10190	4766
10190	3786
19245	10910
19245	11486
14010	701
14010	7018
4849	9584
17350	1239
17350	2686
17350	7018
14103	2914
14103	2548
14103	6539
14103	15290
14103	3491
14103	3303
14103	293
14103	16631
10593	2056
10593	1668
27410	7132
8668	5400
8668	5511
8668	6453
8668	5713
25505	24726
25505	21312
20129	1239
20129	4513
16703	1239
16703	7018
16804	209
16804	701
16804	1239
13038	1241
5592	20709
5592	21390
5592	15772
24717	12779
24717	3269
19065	2914
10597	701
10597	209
10597	1239
776	2200
30283	14669
30283	6517
30283	3549
29745	1239
29745	7018
3738	3356
3738	7018
23432	209
26266	7132
18288	2914
18288	4725
6381	10661
6381	19155
6381	6912
6381	6389
6381	29912
9286	4766
9286	3786
9286	7623
12821	8342
12821	2854
23404	7018
13758	701
13758	7018
25818	3741
6239	7132
11073	3561
22200	209
22200	7018
23619	2516
15790	16097
15790	3320
15790	13045
16642	701
16642	24867
16642	7018
16642	3291
8642	3292
8642	6461
8642	6762
8642	1299
8642	3257
8642	13237
8642	21202
8642	3549
8642	4589
8642	16150
8642	3303
29763	23215
29763	2548
14966	15311
14966	6429
29066	6461
29066	3356
29066	5562
14959	701
18785	10242
18785	1239
20613	15623
3935	209
3935	10430
30254	701
26748	7018
26748	7260
29242	6746
29242	5606
6989	209
6989	1239
6989	7018
6989	3356
19787	10910
19787	13789
13593	209
5650	29933
5650	71
5650	5048
5650	12266
5650	21526
5650	27246
5650	26662
5650	16550
5650	14825
5650	7346
5650	21760
5650	6352
5650	3303
5650	12284
5650	30342
5650	27008
5650	13409
5650	11071
5650	4997
5650	10444
5650	14107
5650	3257
5650	14272
5650	25994
5650	20030
5650	19891
5650	16403
5650	2642
5650	26277
5650	7752
5650	16957
5650	20
5650	4637
5650	18894
5650	11052
5650	25753
5650	26127
5650	10587
5650	1239
5650	10257
5650	6939
5650	11274
5650	6594
5650	14570
5650	7011
5650	27235
5650	701
5650	4385
5650	20469
5650	6488
5650	6540
5650	19892
5650	7911
5650	19116
5650	20295
5650	11300
5650	23255
5650	11359
5650	11068
5650	14342
5650	5054
5650	14739
5650	13563
5650	25828
5650	14404
5650	3911
5650	3356
5650	11223
5650	293
5650	14242
5650	29958
5650	19717
5650	26689
5650	5789
5650	30663
5650	21998
5650	20012
5650	22601
5650	29951
5650	27218
5650	19252
5650	7018
5650	4367
5650	14312
5650	1258
5650	10876
5650	6137
5650	11608
5650	23205
5650	15305
5650	16784
5650	12078
5650	3491
5650	14628
5650	6521
5650	22473
5650	26371
5650	26565
5650	4200
5650	16667
5650	14789
5650	26986
5650	3561
5650	27547
5650	2044
5650	21525
5650	16749
5650	13361
5650	1872
5650	23459
5650	19392
5650	6539
5650	30340
5650	3549
5650	14474
5650	2914
5650	11643
5650	7252
5650	21848
5650	15290
5650	6510
5650	11593
5650	14380
5650	14283
5650	11746
5650	11986
5650	19640
5650	30170
5650	852
23227	701
23227	11817
23227	6128
20661	701
12909	4589
12909	3257
12909	12489
12909	3303
12909	12721
7212	209
7212	10490
7212	26335
7212	7018
16898	701
16898	209
16898	1239
24920	8220
24920	3352
12976	20483
12976	29211
12976	20919
12976	28752
12976	29226
12976	29002
12976	21135
12976	13079
12976	16020
12976	3561
12976	25258
12976	16345
12976	12879
12976	16118
12976	20533
17944	2907
17944	4694
19335	701
19335	16966
29984	1798
29984	12003
27220	1239
27220	7018
8076	6350
8076	7018
25599	1136
25599	13127
21981	4200
21981	7944
20951	702
22561	209
22561	701
20159	701
2505	2907
2505	5402
2505	293
29114	15738
29114	6703
25273	702
25273	12472
25273	8220
15772	1299
15772	24610
15772	12545
15772	3255
15772	24872
15772	12792
15772	5380
15772	15626
15772	24733
15772	25559
15772	29325
15772	286
15772	25174
15772	29389
15772	6849
15772	25330
15772	29130
15772	5592
15772	30762
15772	15901
15772	20714
15772	11584
15772	29062
15772	28774
15772	25092
15772	15929
15772	25183
15772	29074
15772	25385
13571	5769
13571	6453
8441	24866
8441	5537
9264	7660
9264	3662
9264	11537
9264	18181
9264	3549
9264	1659
9264	10764
9264	3356
9264	293
9264	18183
9110	1759
9110	8342
9110	25592
8364	9112
8364	8246
26307	15218
22209	3356
22209	7018
22536	10912
22536	7132
26639	701
26639	2828
16755	7911
16755	16631
23911	4538
21044	8220
21044	13237
10337	12042
10337	5006
8111	6539
8111	30256
8111	26154
8111	6509
25984	8016
25984	6350
29764	6347
7869	16631
9160	6746
18811	701
18811	7018
8708	15520
8708	6461
8708	3292
8708	12677
8708	25318
8708	15400
8708	29360
8708	12632
8708	24704
8708	4589
8708	25270
8708	25278
8708	21463
8708	21129
8708	16157
8708	12310
8708	16220
8708	13021
8708	3303
8708	13067
8708	20528
8708	25304
8708	29523
8708	20601
8708	20845
8708	29099
8708	15971
8708	3491
8708	3257
8708	13237
8708	8614
8708	16121
8708	2614
8708	28763
8708	24914
8708	25536
8708	15873
8708	28946
8708	13181
8708	20616
8708	20524
8708	1239
8708	28743
8708	24649
8708	6939
8708	29306
8708	25284
8708	12672
8708	6746
8708	29437
8708	16031
8708	15882
8708	7911
8708	12723
8708	16120
8708	20877
8708	8210
8708	3549
8708	20831
8708	29552
8708	3356
8708	25409
8708	13150
8708	15407
8708	6693
1751	7018
20163	2551
21792	4474
21792	29748
21792	8001
8510	5568
28884	21127
26228	701
26228	6517
26228	6994
9316	3608
9316	17843
9316	18307
9316	23972
9316	9323
9316	17869
9316	10165
9316	9647
9316	10055
9316	9707
9316	4671
9316	17604
9316	9706
9316	17574
9316	17583
9316	10170
9316	10044
9316	9972
9316	9711
9316	17865
9316	17585
9316	18312
9316	10051
19121	701
19121	6347
26532	1239
26532	3549
17836	9848
17836	9318
13641	2914
13641	13488
27210	4323
13187	13115
13187	12312
27335	10910
27335	13789
27335	16631
7552	4637
7552	7473
7552	22351
7552	23914
25287	2118
11685	7018
11685	4323
22049	17054
9497	17749
9497	17452
9497	1239
9497	3561
9497	10139
9497	701
9497	7018
9497	9927
9497	17970
9497	23887
9497	18226
9497	18188
9497	17973
9497	17895
9497	9742
9497	4637
9497	4759
9497	18355
15695	8928
15695	20495
15695	3356
25625	17819
25625	30362
25625	17659
25625	209
25625	21686
25625	22026
25625	4565
25625	7018
25625	6453
4058	17793
4058	9289
4058	17540
4058	10147
4058	10087
4058	10210
4058	4828
4058	17553
4058	4655
4058	17449
4058	7695
4058	4748
4058	4635
4058	9665
4058	9253
4058	9879
4058	9409
4058	9444
4058	3549
4058	9836
4058	2914
4058	18204
4058	4637
4058	7479
4058	9440
4058	7484
6947	701
7549	9929
18609	701
23078	17373
23078	7066
8745	6802
8745	8262
8899	9063
13439	209
13439	1239
13439	19029
26911	1239
26911	7018
3489	14051
3489	3356
22379	701
22379	209
22379	7018
21033	8784
7910	14551
7910	26608
19107	5696
23151	27382
23151	3356
27219	6561
8884	21309
26551	701
7557	3786
7557	3549
24891	8505
24891	9021
2418	2200
29714	7018
10681	1664
10681	701
13482	10910
13482	7018
13482	3561
26360	209
26360	1239
19632	6140
19632	19244
19632	18747
25364	20858
15268	2548
15268	14390
8584	29410
8584	25237
8584	13240
8584	28799
8584	15445
8584	13264
8584	12400
8584	9117
8584	378
8584	16240
8584	25003
8584	8894
8584	16116
8584	8849
8584	15976
8584	20565
8584	4148
8584	13073
8584	29106
8584	16158
8584	20841
8584	21450
8584	15526
8584	12849
8584	29361
23699	18059
29781	701
29781	7018
16772	20255
15129	701
15129	1239
15894	15717
15894	20646
12654	6762
12654	1759
12654	8447
12654	8333
12654	1853
12654	8437
12654	4589
12654	12956
12654	3303
12654	7018
12654	13129
12654	513
12654	12779
12654	8251
12654	3291
12654	13237
12654	15444
12654	2603
12654	2914
22090	701
22090	209
23235	6079
23235	3356
29491	24703
29491	28858
20860	6067
15663	15589
15663	3313
4276	13768
4276	12124
21947	18614
21947	7018
21947	11107
21947	3549
8509	28953
8509	2686
8509	12713
20930	12310
4815	4134
27263	701
27263	7018
17792	17902
17455	9556
17455	2764
25424	15485
25424	9148
16023	1759
16023	6667
23252	10520
23252	577
28839	1901
28839	8220
30653	18695
30653	8001
18761	209
24923	20485
8376	8697
26457	209
10671	7908
9665	4058
17399	14551
17399	7908
17399	22313
9993	2914
9993	2497
9993	18067
9993	6303
6485	701
6485	3356
14909	4200
16561	13790
16561	3549
16561	12182
1655	668
22176	1239
19532	1239
19532	6347
14097	4323
26920	7185
26920	4323
18167	7473
18167	9430
18167	4755
10101	4637
10101	7473
11269	19626
11269	13802
11269	27374
11269	11139
11269	3561
22364	12956
22364	11803
22364	16971
25440	8220
25440	3300
17516	2914
17516	2497
30093	2914
30093	5696
14359	7911
14359	1239
14359	30052
14359	26726
14359	25613
14359	19024
14359	14787
14359	7018
14359	25742
21261	6849
21261	20703
22629	19092
22629	8057
16110	15742
21610	3602
21610	6539
17138	701
17138	209
27417	1784
27417	10663
8684	5568
22145	13638
22145	16631
15814	5583
15814	12625
7669	2915
9924	17416
9924	18044
9924	7649
9924	4662
9924	2914
9924	18410
9924	4637
9924	701
9924	4781
9924	9310
20029	701
20029	7018
20029	3356
27613	2551
27613	17396
26132	11367
26132	18895
26055	10823
26055	1785
9241	701
9241	7474
8733	6830
17535	2764
11791	14825
11791	1239
24914	8708
23240	1239
24864	6461
29555	9198
21571	17379
13522	6140
13522	1916
6468	701
6468	3561
29717	7911
29717	1239
30459	19116
30459	209
6192	2152
21530	1239
21530	11430
21548	19752
21548	19728
21548	701
21548	27284
21548	851
21548	13768
21548	30003
21548	11478
26096	12129
26096	19257
26096	2015
13326	3356
13326	10578
13326	16631
26563	11675
16262	4589
5417	286
5417	13237
5417	8210
5417	702
5417	4589
5417	12956
5417	3303
5417	2529
19748	701
19748	1239
19748	6347
21516	701
21516	7018
11054	16631
16363	702
16363	8220
8306	8301
18242	9929
22367	2914
22367	2548
14128	1239
14128	19029
3141	18592
3141	6503
15846	702
15846	3215
20694	13101
20694	13129
21209	12301
22500	16631
12596	702
12596	3549
18979	7018
9622	9824
9622	2497
9622	23632
9622	18140
9622	2519
5690	3602
5690	14716
5690	3561
5690	16631
15306	4323
26727	701
26727	1785
17893	9839
19750	13791
17089	6181
17089	3112
20889	1299
4847	9394
4847	9803
4847	4134
4847	17964
4847	9815
4847	7497
4847	23707
4847	18118
4847	7640
4847	9308
8992	6461
8992	29161
8992	21406
8992	24792
8992	1273
8992	13237
8992	8437
18343	4766
18343	3786
11149	19262
29474	15861
29474	13037
29474	25269
29474	30740
15470	8220
15470	3303
20882	5507
20882	12301
29346	9132
29346	13237
4509	6539
4509	577
4509	6347
26083	2914
15779	3320
15779	6805
9887	4763
9887	9325
6074	3356
6074	3549
16544	7849
16544	3549
2553	209
2553	10490
2553	3506
2553	6912
12309	5481
12309	3269
27188	209
10135	4637
10135	3549
7880	5056
7880	7018
8824	8657
18509	7018
18509	3356
29409	20485
23625	17697
23625	4713
23625	10010
28766	25528
23750	17557
10942	2548
10942	16631
2571	5378
2571	15570
2571	7018
2571	10912
11215	701
11215	2548
11215	4323
22376	209
22376	3356
24710	6849
24710	24888
24710	8788
20584	702
20584	3215
21933	12181
21933	10912
9889	4740
9889	18209
9889	23729
9889	4648
9889	9901
9889	3549
26949	3549
4566	7018
26432	701
26432	7018
26829	7018
65004	65003
15217	702
15217	2856
15217	5388
15217	10910
15217	3356
15217	12182
15217	12967
21771	209
21771	4323
8781	29384
8781	7018
8781	6453
26111	2828
26111	1239
15337	701
15337	6325
7324	2914
7324	701
7324	6347
17443	4637
17443	10077
17443	17426
17443	19786
17443	9498
17443	17783
17443	8841
21409	6461
21409	4589
21409	1299
16297	12874
14182	209
14182	6198
14182	1239
14182	17230
4783	2914
30811	2874
30811	21202
25359	1299
25359	4589
26020	13852
26020	18712
19281	3742
2837	1653
12371	15747
12371	8638
4456	701
4456	1239
13816	701
16019	5588
16019	1273
25973	6939
25973	3549
25973	13917
25973	2914
25973	4637
25973	8121
25973	3557
25973	26347
25973	19817
25973	6453
26257	3356
26257	16631
13157	8220
16846	2548
22850	3549
6938	701
6938	3356
4718	2500
4718	4688
5564	3356
5564	13017
5564	2529
11094	701
11094	19262
20965	559
20965	1299
20965	680
20965	3300
20965	1930
20965	786
20965	5408
20965	2108
20965	2614
20965	2107
20965	5538
20965	1853
20965	2602
20965	2611
20965	378
20965	8517
20965	11537
20965	5568
20965	2200
20965	1213
20965	1103
20965	3549
20965	3268
20965	2603
20965	1955
20965	137
20965	12046
20965	766
20965	3221
20965	2852
20965	2607
20965	293
20965	8501
20965	2847
5561	8696
5561	1299
5561	12545
5561	8229
5561	21136
5561	20573
5561	5400
5561	5507
5561	8358
5561	8512
5561	8990
5561	6784
7131	703
4191	6517
4191	2551
80	19981
80	1239
80	14846
80	7018
80	3921
80	1295
600	6461
600	22968
600	6939
600	3561
600	13501
600	12956
600	1316
600	3303
600	17135
600	159
600	6539
600	3257
600	22243
600	3491
600	14131
600	19616
600	4323
600	17339
600	209
600	19022
600	20126
600	15290
600	3112
600	2025
600	293
600	16631
10954	6140
10954	4230
10954	8167
1301	1299
1301	3215
27227	1239
27227	7018
22622	13616
22622	19752
22622	6539
22622	19350
22822	22308
22822	22772
22822	29983
22822	3549
22822	30166
22822	21882
22822	11588
22822	30272
22822	11378
22822	18806
2532	701
13738	7018
25683	2548
25683	7018
16941	6539
16941	13768
16941	577
16941	6327
2497	23776
2497	18283
2497	2527
2497	2548
2497	4544
2497	10015
2497	17943
2497	17516
2497	14361
2497	4589
2497	2687
2497	7531
2497	6079
2497	15169
2497	9351
2497	2915
2497	7671
2497	9225
2497	7503
2497	7519
2497	3257
2497	13237
2497	2518
2497	2516
2497	7516
2497	2523
2497	7500
2497	9132
2497	7687
2497	9995
2497	6453
2497	4777
2497	4680
2497	1239
2497	4689
2497	2551
2497	6939
2497	15412
2497	4774
2497	3336
2497	23624
2497	4459
2497	18126
2497	4685
2497	4134
2497	7132
2497	9622
2497	7473
2497	4702
2497	3356
2497	17677
2497	6461
2497	9942
2497	10310
2497	4513
2497	3300
2497	17511
2497	7670
2497	17939
2497	7521
2497	3491
2497	17512
2497	4436
2497	2510
2497	9370
2497	23634
2497	8966
2497	6327
2497	8861
2497	17673
2497	1668
2497	4682
2497	4716
2497	18074
2497	17529
2497	7991
2497	17686
2497	6539
2497	4673
2497	9617
2497	8422
2497	9614
2497	577
2497	6730
2497	8210
2497	209
2497	852
2497	17675
2497	9824
2497	9595
2497	33
2497	4996
2497	2828
2497	13445
2497	7685
2497	2907
2497	12956
2497	2500
2497	10021
2497	13945
2497	4688
2497	3303
2497	23761
2497	7664
2497	19029
2497	297
2497	7502
2497	4474
2497	6395
2497	5462
2497	4323
2497	4637
2497	9680
2497	1784
2497	3557
2497	7522
2497	4565
2497	17528
2497	18094
2497	2529
2497	4704
2497	4677
2497	18081
2497	701
2497	7682
2497	4691
2497	174
2497	13030
2497	18089
2497	8220
2497	9365
2497	8001
2497	10014
2497	7911
2497	9156
2497	6066
2497	9380
2497	7514
2497	9357
2497	2515
2497	19151
2497	18259
2497	4694
2497	20676
2497	2521
2497	7679
2497	4713
2497	293
2497	7524
2497	9371
2497	23641
2497	6830
2497	11388
2497	10020
2497	2519
2497	5400
2497	18092
2497	2514
2497	23791
2497	7018
2497	17698
2497	13129
2497	11608
2497	4723
2497	19548
2497	3320
2497	4197
2497	7091
2497	17961
2497	4678
2497	9505
2497	703
2497	2526
2497	8075
2497	11867
2497	23778
2497	4672
2497	9993
2497	10000
2497	3549
2497	2914
2497	4725
2497	4780
2497	7529
2497	17680
2497	9619
19778	2828
29268	8717
25630	701
25630	1239
16957	209
16957	5650
8413	702
16119	15726
16119	9182
16119	13237
16119	8925
14955	701
14955	1239
14955	29892
23488	6140
23488	6429
24602	8220
24602	16074
12591	8717
29107	13249
15491	6762
15491	25228
15491	8342
2824	701
2824	1239
4597	17054
4597	7018
10735	1239
11144	6347
11144	7018
11144	3356
11144	7132
11823	701
11823	7018
11823	19029
12925	2683
18833	1239
29794	3549
10997	14742
21200	3301
2015	1239
2015	26096
14015	2914
14015	16631
21965	1239
21965	16631
27645	30092
3208	6453
20317	3561
3839	4621
14500	1
14500	11123
9459	4766
9459	3786
6706	702
6706	6881
6706	8447
13258	2856
13258	5462
17871	4766
17871	3786
13670	10882
13670	14433
13670	11529
13670	19262
17045	209
17045	16852
20856	12491
26148	1239
26838	3320
26838	852
26838	7132
15272	3356
29139	702
29139	5432
25565	8551
25565	5486
12297	21104
12297	8342
12297	8226
12297	6849
12297	6453
12297	16190
18485	209
18485	14490
18485	7473
18485	26097
18485	3356
18485	7018
18485	12138
14313	3356
13698	20319
13698	7029
12485	13237
15407	12804
15407	8708
15407	12302
26807	701
3096	5400
3096	3561
25343	8546
12380	20764
12380	8997
14573	3356
14573	16631
14294	209
14294	3549
30330	701
30330	209
3255	13126
3255	29375
3255	5377
3255	6849
3255	25143
3255	28962
3255	15772
17274	1239
17274	7018
21143	20485
15834	21242
15834	8452
25000	15738
25000	8788
17062	10910
17062	13789
19653	209
19653	6395
19653	22333
19653	27287
28904	15935
20766	6461
20766	28855
20766	24702
20766	29169
20766	13237
20766	3303
8923	9199
8923	9152
8923	25527
252	668
7864	6503
15761	21414
17069	4926
27164	10910
22265	19029
11848	7911
18911	7132
6058	13911
6058	22573
6058	838
12541	8216
12541	12540
12541	13186
12541	3561
12541	6895
12541	2129
12541	16371
12541	16085
12541	13277
12541	9165
12541	1273
12541	25123
12541	20607
12541	15937
12541	20966
12541	6772
12541	28871
12541	24644
12541	1889
12541	20905
12541	20944
12541	12521
21627	1239
21627	3549
21430	15685
3825	4766
6199	2914
6199	16631
6199	3549
6667	6461
6667	6762
6667	15501
6667	21490
6667	16051
6667	6939
6667	21202
6667	16273
6667	29093
6667	29240
6667	4589
6667	16023
6667	12917
6667	25213
6667	3303
6667	3274
6667	13129
6667	20774
6667	790
6667	3327
6667	20904
6667	3257
6667	3491
6667	13237
6667	24809
6667	24751
6667	1738
6667	3356
6667	1234
6667	29154
6667	25391
21379	13228
9352	4725
9352	4716
25542	21155
25542	24785
25542	13237
14056	701
14056	7018
17726	9237
17726	9881
17726	23673
16099	8692
16099	8437
10243	702
19663	701
19663	7018
16208	702
16208	5594
16687	209
28984	9119
22955	2914
22955	701
26217	701
25161	702
25161	8220
29238	8350
3275	1267
3275	3257
22390	7018
22390	4323
2493	3602
16072	3291
16072	3356
20290	2828
13659	701
13659	7018
8330	8943
8330	2818
21190	2686
21190	3303
22759	701
22759	7018
5976	721
5976	1727
6532	209
22003	18990
22003	1239
20373	701
17868	4766
17868	7623
23220	701
3549	559
3549	5669
3549	19889
3549	206
3549	8434
3549	8938
3549	12731
3549	27462
3549	26787
3549	1932
3549	15683
3549	2516
3549	14917
3549	9363
3549	19831
3549	25686
3549	17992
3549	19938
3549	10318
3549	21195
3549	2706
3549	18990
3549	15300
3549	15612
3549	22098
3549	3336
3549	21318
3549	4195
3549	25855
3549	11051
3549	17239
3549	24990
3549	6358
3549	7473
3549	23104
3549	4513
3549	16922
3549	17511
3549	18695
3549	22564
3549	15600
3549	16948
3549	17222
3549	26426
3549	9600
3549	30563
3549	17681
3549	23533
3549	17653
3549	26928
3549	18431
3549	22455
3549	2510
3549	17647
3549	21859
3549	18611
3549	18355
3549	10030
3549	13633
3549	14089
3549	3786
3549	3238
3549	13736
3549	4657
3549	19695
3549	19202
3549	1916
3549	20080
3549	3931
3549	6456
3549	18275
3549	21764
3549	15138
3549	22709
3549	7459
3549	13328
3549	22844
3549	24677
3549	9824
3549	17675
3549	20804
3549	17124
3549	18199
3549	12956
3549	16399
3549	7859
3549	3303
3549	23059
3549	4474
3549	22664
3549	15937
3549	4323
3549	19024
3549	4637
3549	11521
3549	8319
3549	21555
3549	18781
3549	4211
3549	11003
3549	21990
3549	6983
3549	16647
3549	30167
3549	14349
3549	13052
3549	9303
3549	22602
3549	4569
3549	11588
3549	9380
3549	8881
3549	12180
3549	10145
3549	5624
3549	6221
3549	5033
3549	17916
3549	15255
3549	22884
3549	16247
3549	2047
3549	9890
3549	12429
3549	22958
3549	15521
3549	27392
3549	5511
3549	14022
3549	17294
3549	14535
3549	4200
3549	3653
3549	15286
3549	6709
3549	7738
3549	18390
3549	22591
3549	7784
3549	11443
3549	3360
3549	22307
3549	29542
3549	2110
3549	13817
3549	21494
3549	26617
3549	1103
3549	21882
3549	22757
3549	8404
3549	19409
3549	13003
3549	12117
3549	19609
3549	12566
3549	12996
3549	30200
3549	18106
3549	14361
3549	12110
3549	9583
3549	21301
3549	3257
3549	7503
3549	2518
3549	5668
3549	9808
3549	15570
3549	26067
3549	18187
3549	26979
3549	557
3549	30467
3549	1239
3549	10358
3549	23517
3549	29748
3549	13790
3549	10139
3549	7395
3549	15077
3549	16842
3549	14201
3549	19105
3549	18086
3549	15347
3549	4669
3549	137
3549	10032
3549	9266
3549	3356
3549	29972
3549	29726
3549	15083
3549	3300
3549	22653
3549	19916
3549	6220
3549	21875
3549	17547
3549	16392
3549	26847
3549	4635
3549	13146
3549	17192
3549	17972
3549	4721
3549	9646
3549	18151
3549	13768
3549	9794
3549	24639
3549	30157
3549	22683
3549	12081
3549	17531
3549	9455
3549	12874
3549	2711
3549	3295
3549	16455
3549	17382
3549	30294
3549	12167
3549	11562
3549	16471
3549	10515
3549	15270
3549	12111
3549	9167
3549	17486
3549	9823
3549	15285
3549	2686
3549	9644
3549	10736
3549	19381
3549	14951
3549	9196
3549	26845
3549	7351
3549	2116
3549	9237
3549	29629
3549	14745
3549	4688
3549	1221
3549	16441
3549	23356
3549	20008
3549	13009
3549	16440
3549	26285
3549	6519
3549	2707
3549	6371
3549	30234
3549	18398
3549	23006
3549	16207
3549	18263
3549	30468
3549	18729
3549	18803
3549	14320
3549	11456
3549	16095
3549	17676
3549	9277
3549	17358
3549	11745
3549	766
3549	13536
3549	13385
3549	20037
3549	293
3549	22457
3549	22047
3549	1299
3549	7506
3549	11333
3549	28707
3549	22727
3549	8011
3549	16245
3549	7018
3549	10933
3549	16940
3549	19779
3549	19504
3549	28944
3549	11709
3549	9729
3549	3320
3549	19161
3549	1313
3549	22433
3549	17649
3549	13272
3549	17412
3549	9229
3549	10835
3549	7936
3549	1913
3549	22372
3549	17685
3549	19479
3549	9044
3549	17184
3549	9516
3549	25844
3549	5651
3549	27162
3549	20355
3549	9416
3549	17502
3549	16713
3549	26895
3549	2527
3549	21877
3549	2548
3549	6347
3549	17888
3549	29246
3549	4589
3549	13108
3549	25095
3549	30471
3549	8297
3549	23002
3549	17925
3549	9607
3549	6484
3549	22620
3549	17559
3549	7500
3549	22571
3549	22899
3549	12322
3549	18056
3549	9052
3549	10026
3549	11899
3549	9251
3549	18900
3549	19087
3549	14882
3549	18411
3549	26084
3549	14828
3549	9758
3549	4134
3549	9578
3549	13957
3549	18084
3549	13703
3549	14743
3549	20435
3549	10310
3549	7657
3549	16659
3549	10912
3549	26853
3549	17536
3549	22645
3549	14757
3549	21840
3549	23205
3549	19681
3549	16912
3549	30283
3549	14060
3549	23160
3549	9211
3549	16445
3549	30085
3549	23346
3549	14096
3549	6993
3549	8642
3549	7468
3549	23338
3549	8057
3549	21498
3549	19642
3549	17527
3549	19988
3549	20932
3549	6471
3549	10739
3549	27316
3549	5650
3549	25700
3549	9457
3549	13207
3549	3292
3549	9595
3549	2828
3549	6785
3549	680
3549	16358
3549	26623
3549	18233
3549	14742
3549	3246
3549	9727
3549	9264
3549	18640
3549	14059
3549	17334
3549	26167
3549	7540
3549	26967
3549	27191
3549	4675
3549	26663
3549	7321
3549	14895
3549	13273
3549	16502
3549	8708
3549	4043
3549	30159
3549	7770
3549	3079
3549	701
3549	14744
3549	174
3549	19816
3549	26532
3549	8001
3549	12779
3549	7911
3549	10913
3549	20940
3549	11192
3549	26464
3549	20676
3549	4058
3549	22365
3549	5602
3549	4306
3549	8018
3549	17309
3549	30452
3549	5769
3549	23148
3549	10748
3549	7557
3549	22179
3549	13791
3549	7908
3549	13251
3549	21733
3549	4833
3549	11919
3549	5539
3549	21756
3549	17054
3549	20383
3549	21947
3549	22167
3549	9304
3549	25703
3549	122
3549	10732
3549	29882
3549	16128
3549	18363
3549	16065
3549	5430
3549	8075
3549	7545
3549	16676
3549	18042
3549	12018
3549	9654
3549	23522
3549	28923
3549	4802
3549	16561
3549	2914
3549	18228
3549	4725
3549	18786
3549	4780
3549	10489
3549	30420
3549	21604
3549	21748
3549	3512
3549	14956
3549	14167
3549	26447
3549	12176
3549	20221
3549	21702
3549	3298
3549	20255
3549	13237
3549	8918
3549	18809
3549	15659
3549	9929
3549	17990
3549	27257
3549	22562
3549	12222
3549	6453
3549	12182
3549	21826
3549	18634
3549	27276
3549	7544
3549	16402
3549	12168
3549	4685
3549	12596
3549	1213
3549	13609
3549	9419
3549	3209
3549	18692
3549	7055
3549	6461
3549	18302
3549	6074
3549	16544
3549	2933
3549	10135
3549	18457
3549	26102
3549	5459
3549	15664
3549	6432
3549	8896
3549	28723
3549	9502
3549	23730
3549	12968
3549	9370
3549	12394
3549	22043
3549	3561
3549	29881
3549	30179
3549	9889
3549	26949
3549	17673
3549	1668
3549	11623
3549	22391
3549	10024
3549	17529
3549	4673
3549	577
3549	12414
3549	26759
3549	25956
3549	20757
3549	209
3549	21599
3549	27354
3549	30361
3549	25973
3549	12703
3549	22850
3549	20965
3549	11022
3549	17256
3549	22822
3549	7474
3549	297
3549	13525
3549	14609
3549	7690
3549	2497
3549	23351
3549	12268
3549	1251
3549	3557
3549	4565
3549	14677
3549	7577
3549	6954
3549	6404
3549	26570
3549	7610
3549	20401
3549	29794
3549	2554
3549	27466
3549	17764
3549	14178
3549	24724
3549	20078
3549	10171
3549	22232
3549	16397
3549	14294
3549	22134
3549	20012
3549	26793
3549	15803
3549	30177
3549	10010
3549	13193
3549	10911
3549	30458
3549	21627
3549	22384
3549	6199
3549	17311
3549	23135
3549	9837
3549	7296
3549	3742
3549	11992
3549	6364
3549	703
3549	17301
3549	11472
3549	7683
3549	21369
3549	26315
3549	19238
3549	23052
3549	7175
3549	10910
3549	21651
3549	22419
3549	16809
3549	18885
3549	3265
3549	19012
3549	7529
5410	6461
5410	1239
5410	3257
5410	13237
5410	4589
5410	12956
5410	3320
5410	3303
5410	3356
25889	701
25889	4323
18038	4766
18038	3786
22251	237
22251	1239
19517	701
28677	16128
28677	13237
7527	9225
7527	5511
7527	2516
11246	2914
11246	209
11246	10910
11246	701
11246	14636
11246	3356
22829	6395
22829	10367
10852	1239
17537	4637
17537	2706
17537	703
22184	1239
22184	7018
9091	6747
26101	10310
26101	3356
28945	20485
20299	1239
20299	22869
20299	10586
20299	16422
8912	6461
8912	7911
8912	8220
8912	3491
8912	13237
8912	3303
8912	6939
18380	7474
26347	209
26347	25973
26347	3356
26098	2914
26098	6347
8867	8551
9722	2764
29737	1239
29737	7018
29737	7132
23604	9942
21899	701
21899	7018
7049	26623
7049	10834
25013	15703
25013	21055
25013	5519
19949	701
19949	8001
28980	12543
28980	2854
17237	701
17237	1239
27727	7908
23047	10910
23047	6395
30088	2914
30088	701
30088	7018
9097	8358
9097	8229
6458	23520
6458	8151
15938	9132
15938	8422
15938	8220
22143	1239
22143	7795
13043	8472
13043	702
22127	12178
22127	16631
20145	1239
13488	25754
13488	1239
13488	3561
13488	2914
13488	19139
13488	22961
13488	13641
13488	16845
22697	7132
25337	12715
25337	6453
2706	9231
2706	4635
2706	17706
2706	17537
2706	10127
2706	703
2706	4616
2706	10147
2706	3549
2706	9552
2706	9836
2706	4637
2706	4628
21195	24819
21195	16150
21195	1239
21195	25545
21195	25146
21195	21202
21195	3549
12468	1267
12468	3269
7826	6327
23506	701
9200	16243
9200	4589
9200	9143
9200	21159
9200	13237
9200	3303
9200	3356
9200	8210
9200	16350
30202	701
30202	2548
20162	16905
8546	6461
8546	7911
8546	786
8546	3257
8546	3491
8546	6939
8546	13237
8546	6717
8546	12956
8546	3356
8546	3303
8546	25343
22164	5056
22164	1239
27004	26554
18831	209
18831	1239
18556	2548
18556	1239
18556	7132
26659	701
25324	702
25324	3303
8736	9004
8736	13160
8736	21429
8736	3257
8736	3303
28973	15945
12888	702
12888	1273
19575	1239
5502	3313
29456	8342
11210	2548
11210	701
13505	7018
13505	6128
25216	20725
24990	29283
24990	8723
24990	5511
24990	3549
4969	701
4969	1785
17523	2907
17523	2500
17523	4713
20538	112
20538	2818
20538	8001
20538	3356
16374	12732
23281	7132
18662	701
18662	6467
21427	8220
13894	4323
13894	16503
16052	3257
4729	2907
24819	8434
24819	21195
23104	3549
21469	2162
12220	4513
12220	1785
14225	1239
14225	6372
4662	4637
4662	9924
15892	15735
15356	10910
15356	1785
12310	16026
12310	6746
12310	3233
12310	8708
12310	20879
12310	21300
12310	24718
12310	20930
20651	20485
12577	8220
12577	13237
12577	13022
12577	8437
9763	3786
11692	1239
11692	3561
20725	20660
20725	6849
20725	25216
20725	12837
20725	20703
6137	7911
6137	5650
6137	2828
25037	13189
25063	5539
8894	3339
8894	8584
17653	3491
17653	3549
30004	15218
30004	7132
12763	702
12763	2686
6180	3741
13994	209
13994	30483
22473	701
22473	5650
22473	7018
20520	24910
20520	3356
20520	3561
14926	2686
14926	12874
3447	2379
3447	30535
3447	29740
3447	1239
3447	13730
3447	21918
3447	7202
10030	3549
20945	8266
24999	20703
10867	2152
25616	13791
8007	11172
16182	24724
29175	16054
12356	20975
12356	16338
22790	6467
8594	8342
8594	21127
25585	15444
26645	2548
26645	7018
9821	3550
9821	4717
9821	9299
11836	22773
15518	8220
15518	13237
16289	16338
16289	8220
11742	701
11742	577
25103	6746
29437	8708
6875	9004
6875	3269
9480	7474
12420	29494
12420	12571
12420	1273
12420	12299
12420	13140
12420	13237
12420	3209
16085	12541
16085	3352
9782	4766
9782	3786
22153	209
22153	22026
22153	3739
22153	17819
22153	27511
11699	19092
22827	209
22827	4323
11386	27553
11386	3356
26827	14793
2259	2200
21257	21166
21257	29496
21257	25507
19011	2828
19011	12181
10507	1239
11364	7018
11364	7132
21738	701
7694	9942
12235	8016
24712	12302
25951	703
6694	8402
6694	9032
6694	2854
29085	1901
18121	18142
18121	4725
18121	4713
18121	2915
12759	8220
12759	13237
30117	701
30117	1239
18845	30370
15807	8968
15807	1267
10192	4766
10192	3786
17124	4565
17124	3549
22879	12129
25405	8342
22120	7018
22120	6993
13441	6539
13441	15290
25712	7018
2500	6461
2500	4718
2500	7660
2500	18270
2500	4717
2500	23634
2500	6939
2500	2504
2500	701
2500	2501
2500	17949
2500	9225
2500	2497
2500	27318
2500	2516
2500	17523
2500	7500
2500	3557
2500	17932
2500	9367
2500	4777
16399	26023
16399	701
16399	7767
16399	21940
16399	3549
26454	4323
19755	5778
3303	559
3303	21444
3303	16237
3303	2548
3303	5669
3303	21155
3303	8434
3303	8912
3303	13184
3303	15532
3303	2818
3303	4589
3303	6596
3303	12731
3303	30031
3303	8365
3303	24793
3303	12586
3303	2516
3303	15444
3303	8657
3303	9132
3303	1836
3303	1257
3303	6871
3303	12322
3303	6325
3303	8514
3303	21398
3303	12989
3303	21099
3303	2551
3303	24886
3303	9200
3303	8546
3303	15743
3303	8736
3303	25324
3303	12876
3303	3336
3303	21073
3303	5557
3303	20547
3303	28685
3303	20639
3303	15635
3303	8954
3303	20640
3303	8473
3303	8426
3303	12928
3303	7473
3303	10310
3303	4513
3303	24692
3303	15420
3303	9108
3303	9026
3303	20689
3303	8408
3303	4559
3303	20646
3303	6561
3303	3302
3303	14103
3303	8984
3303	24880
3303	12859
3303	3491
3303	25275
3303	12390
3303	4436
3303	6735
3303	2381
3303	5631
3303	13286
3303	9211
3303	12776
3303	3786
3303	16004
3303	6327
3303	8642
3303	8437
3303	4766
3303	8289
3303	20507
3303	12552
3303	5605
3303	5089
3303	20080
3303	4716
3303	553
3303	8422
3303	6730
3303	16559
3303	9191
3303	5650
3303	15915
3303	25596
3303	16334
3303	3328
3303	8741
3303	12909
3303	3292
3303	15557
3303	2828
3303	680
3303	20953
3303	16375
3303	12956
3303	12897
3303	2486
3303	5409
3303	3246
3303	12670
3303	15988
3303	18915
3303	8763
3303	6395
3303	4474
3303	786
3303	5481
3303	5462
3303	4323
3303	4637
3303	9143
3303	1267
3303	8319
3303	20747
3303	8308
3303	20500
3303	8708
3303	12611
3303	21202
3303	8928
3303	5588
3303	701
3303	8304
3303	174
3303	8468
3303	683
3303	8220
3303	8001
3303	24963
3303	12779
3303	7911
3303	21576
3303	8881
3303	12750
3303	6718
3303	12797
3303	6665
3303	12623
3303	20676
3303	5503
3303	5602
3303	25094
3303	16265
3303	4181
3303	6315
3303	25177
3303	5400
3303	6971
3303	1
3303	8553
3303	12407
3303	8255
3303	8235
3303	286
3303	13267
3303	12306
3303	5539
3303	4200
3303	8520
3303	15998
3303	25420
3303	12654
3303	9505
3303	3676
3303	20532
3303	13101
3303	13285
3303	8638
3303	25560
3303	12565
3303	5430
3303	8075
3303	20854
3303	5427
3303	2874
3303	8980
3303	9066
3303	15703
3303	16272
3303	1103
3303	9096
3303	12652
3303	8560
3303	15826
3303	2914
3303	8404
3303	4725
3303	24851
3303	4780
3303	2856
3303	6762
3303	29396
3303	12511
3303	25232
3303	15433
3303	21473
3303	15513
3303	14361
3303	25598
3303	6079
3303	15169
3303	19962
3303	9104
3303	2152
3303	3257
3303	13127
3303	3291
3303	13237
3303	13646
3303	8918
3303	6316
3303	12721
3303	8784
3303	6453
3303	6067
3303	1239
3303	15717
3303	6805
3303	6939
3303	15412
3303	5417
3303	2611
3303	1140
3303	8272
3303	5738
3303	6661
3303	29378
3303	15426
3303	21102
3303	12634
3303	7132
3303	137
3303	9031
3303	21113
3303	8816
3303	3356
3303	3209
3303	5587
3303	13189
3303	9942
3303	8469
3303	6461
3303	12832
3303	4004
3303	8859
3303	15470
3303	3300
3303	28788
3303	5466
3303	6779
3303	13049
3303	12713
3303	12399
3303	8659
3303	12513
3303	15598
3303	29814
3303	12620
3303	5459
3303	8068
3303	5390
3303	8922
3303	20738
3303	2857
3303	15589
3303	8968
3303	8803
3303	16318
3303	25130
3303	28878
3303	21392
3303	21221
3303	8224
3303	12480
3303	3561
3303	24587
3303	12874
3303	28943
3303	702
3303	28716
3303	20130
3303	3333
3303	13591
3303	20718
3303	8851
3303	5704
3303	6539
3303	13277
3303	12871
3303	15594
3303	12414
3303	9193
3303	8210
3303	2603
3303	20757
3303	20847
3303	209
3303	5388
3303	15436
3303	2686
3303	15290
3303	29043
3303	8802
3303	16133
3303	600
3303	13283
3303	5604
3303	8737
3303	8527
3303	1901
3303	8729
3303	297
3303	1200
3303	8582
3303	25562
3303	2497
3303	8251
3303	8406
3303	12368
3303	21434
3303	3557
3303	12649
3303	4565
3303	15569
3303	2529
3303	15861
3303	16298
3303	5622
3303	21466
3303	6734
3303	20679
3303	20743
3303	15509
3303	24952
3303	24730
3303	8190
3303	513
3303	6656
3303	9156
3303	25375
3303	9277
3303	19151
3303	29058
3303	7260
3303	20814
3303	5413
3303	1136
3303	12474
3303	293
3303	8586
3303	3262
3303	1299
3303	9150
3303	6830
3303	3856
3303	11388
3303	5552
3303	6695
3303	15879
3303	13301
3303	6402
3303	5493
3303	12308
3303	20766
3303	15435
3303	6728
3303	7018
3303	12621
3303	13129
3303	17388
3303	5583
3303	11608
3303	15803
3303	12337
3303	19548
3303	9042
3303	15661
3303	6678
3303	20493
3303	13193
3303	3320
3303	16267
3303	22773
3303	13037
3303	12496
3303	6774
3303	6667
3303	29257
3303	7091
3303	8674
3303	6320
3303	12932
3303	29166
3303	9318
3303	11992
3303	8341
3303	25563
3303	4648
3303	11867
3303	8897
3303	21190
3303	24646
3303	15670
3303	21222
3303	12902
3303	3313
3303	2200
3303	3549
3303	28916
3303	21217
3303	5410
3303	20504
3303	3265
3303	3269
8691	15508
8691	8342
12294	21488
12294	20850
12294	15738
12294	13228
12294	12872
12294	24682
12294	15386
12294	12883
21501	13237
21501	25486
21501	5562
21501	24876
21501	12731
21501	20755
21501	25279
21501	29140
11018	2914
26794	1239
26794	14511
26794	7018
6337	701
6337	1239
6337	26883
6337	11268
6337	7018
6337	23154
29251	8246
18672	1239
21027	16338
21027	3352
22664	3549
24834	6799
20607	20869
20607	3320
20607	8220
20607	12541
20607	20815
9127	6802
9127	21114
9127	25206
9127	28949
9127	21417
9127	5421
9127	16328
9127	5377
9127	12982
9127	8717
9127	29030
1498	721
19024	23370
19024	11220
19024	1239
19024	27535
19024	18462
19024	19773
19024	20428
19024	14359
19024	3561
19024	22551
19024	14581
19024	701
19024	27440
19024	27603
19024	22666
19024	23352
19024	7018
19024	10884
19024	26234
19024	22199
19024	11870
19024	26733
19024	10409
19024	29777
19024	3549
19024	20461
19024	2914
19024	26554
19024	26077
19024	26404
19024	3356
29675	13286
13254	21444
16189	3356
16189	3215
16683	26665
16683	3561
6863	21425
6863	8904
6863	25272
6863	20764
6863	21418
6863	8342
6863	21414
6863	15707
16726	701
16726	7018
13590	701
13590	7829
28960	8447
11052	209
11052	5650
11052	2828
21508	7018
22695	3561
16637	6461
16637	2905
16637	3356
16637	5713
21207	8472
21207	702
20713	702
8322	3292
14375	702
14375	701
18081	2497
18081	17697
18081	4713
10921	3714
23642	18129
23642	17697
23642	23618
23642	4694
21414	6731
21414	25308
21414	25032
21414	29002
21414	16143
21414	12550
21414	8299
21414	9039
21414	8905
21414	13238
21414	702
21414	701
21414	12622
21414	29277
21414	24578
21414	15731
21414	21425
21414	13079
21414	15777
21414	15761
21414	20544
21414	20663
21414	24762
21414	6863
21414	15757
21414	29304
21414	8241
21414	8515
21414	21231
21414	25478
22009	1239
22009	7018
23682	4637
23682	10029
23682	10199
23682	703
19807	9911
19807	209
10377	5006
10377	3356
6540	5650
29837	209
29837	10911
3108	9335
3108	3561
27026	701
27026	209
25330	15772
28996	12530
28996	24703
16136	6461
16136	15557
16136	3257
10821	1239
29515	1273
29515	12306
5066	3356
11753	3737
24600	5511
24600	3215
16782	4323
22484	16631
20912	1267
20912	20959
6880	5461
6880	28784
6880	2118
22857	7132
22197	2548
22197	6347
22197	23028
19939	701
18513	1239
18513	14745
8172	701
1734	17343
19617	3561
19617	7132
11666	14456
11666	10520
11666	577
9835	4618
9835	4750
15911	13194
9354	2516
9354	4716
9354	4694
22741	10910
7042	209
13708	668
28950	5617
12429	15986
12429	702
12429	16111
12429	3257
12429	8190
12429	3549
21075	21166
21717	1239
28914	15703
29444	25492
30027	1239
30027	7018
30107	7132
30107	4323
13155	8382
19771	209
19771	6395
7484	4058
7484	4515
21864	2914
21864	19092
13546	7066
15277	10480
17427	4770
9693	9701
15343	1239
24763	702
24763	3215
813	701
9770	4766
9770	9848
9770	3786
24607	6747
24607	8764
24607	28679
24607	12539
24607	15419
6810	8551
6810	3339
3360	701
3360	3549
30175	701
30175	4323
13498	1785
14665	6395
14665	1239
20919	12976
25201	8434
17366	701
17366	1239
17366	3561
18188	9497
18188	6163
29157	9155
29157	27017
29157	21050
29157	6412
9222	7991
23614	9370
14130	1239
14130	3356
14130	7018
15049	209
15049	701
8343	5377
8343	6849
8343	9205
18403	4637
25059	5603
16740	12181
16740	13493
3330	29330
3330	6461
3330	24930
3330	1273
3330	28760
3330	28701
3330	8437
3330	25095
3330	8220
22608	701
22608	1239
17861	4766
13003	20676
13003	3549
20871	9121
19609	18990
19609	4565
19609	3549
18615	4323
26786	701
26786	4513
11517	21817
19994	2914
18626	6517
14361	6461
14361	6539
14361	2548
14361	11608
14361	2497
14361	13237
14361	6939
14361	8210
14361	3549
14361	4589
14361	12956
14361	3557
14361	3303
14361	7018
14361	16631
29750	4323
11576	209
11576	1239
12392	25395
12392	4589
12392	286
12392	16326
12392	5511
12392	13237
25765	701
10013	2914
10013	7683
10013	7514
10013	1668
7996	701
4828	4058
14735	1239
14735	7018
8120	701
8120	1784
8120	27528
9231	4635
9231	9304
9231	2706
8764	24852
8764	6791
8764	1299
8764	1239
8764	15440
8764	25406
8764	25190
8764	15538
8764	24607
8764	8314
8764	15908
8764	6769
8764	8486
8764	16382
8764	21016
8764	24877
8764	21031
8764	29538
8764	8986
8764	5522
1902	3292
1902	5400
1902	30764
1902	25238
1902	3257
1902	13237
19374	701
19374	7132
7503	2497
7503	2516
7503	3549
6316	6939
6316	19094
6316	15206
6316	8121
6316	14900
6316	23126
6316	3303
6316	23352
6316	11608
6316	15270
6316	13237
6316	8210
6316	2914
6316	13609
6316	3776
6316	1784
6316	3557
10766	6347
10766	19029
17501	9237
17501	30362
3216	15531
3216	24665
3216	29209
3216	25580
3216	21287
3216	25185
3216	13192
3216	5537
3216	29638
3216	16354
3216	21335
3216	25534
3216	13075
3216	8904
3216	20655
3216	1239
3216	13225
3216	28809
3216	3312
3216	8219
3216	25573
3216	28741
3216	15898
3216	8755
3216	8377
3216	29053
3216	13078
3216	13257
3216	8595
3216	25227
3216	8371
3216	15736
3216	13099
3216	8402
3216	8580
3216	20602
3216	25355
3216	8752
3216	24721
3216	13118
3216	13004
3216	29530
3216	21480
3216	20533
3216	2122
3216	6788
3216	20544
3216	24823
3216	28775
3216	8732
3216	21487
3216	8634
3216	12418
3216	16143
3216	29567
3216	20578
3216	9068
3216	29385
3216	702
3216	16345
3216	8369
3216	12686
3216	20764
3216	16173
3216	29285
3216	12979
3216	8636
3216	25035
15845	13009
11008	6140
11008	14535
11008	7908
11008	16814
11008	10834
20082	1239
20082	19029
20082	10738
22190	701
22190	16631
1239	23092
1239	19783
1239	21867
1239	71
1239	5006
1239	13975
1239	11276
1239	20409
1239	14027
1239	6459
1239	27462
1239	10361
1239	11870
1239	12637
1239	11852
1239	14272
1239	8657
1239	7004
1239	3362
1239	22475
1239	21951
1239	11319
1239	17100
1239	18471
1239	23524
1239	17145
1239	26844
1239	14564
1239	27480
1239	11859
1239	7862
1239	4788
1239	19865
1239	29746
1239	13789
1239	26338
1239	19757
1239	18744
1239	25905
1239	19334
1239	22369
1239	30355
1239	10790
1239	15225
1239	11169
1239	2154
1239	25953
1239	14814
1239	13986
1239	17083
1239	23542
1239	26947
1239	12531
1239	7263
1239	29976
1239	30334
1239	16410
1239	15021
1239	26533
1239	22995
1239	14750
1239	5689
1239	11883
1239	23480
1239	5752
1239	18709
1239	11898
1239	20468
1239	22961
1239	6177
1239	22564
1239	8151
1239	13490
1239	26916
1239	27222
1239	21676
1239	3302
1239	21754
1239	17354
1239	8048
1239	7337
1239	13405
1239	3571
1239	26779
1239	13639
1239	7127
1239	15215
1239	4293
1239	16595
1239	29800
1239	20308
1239	8447
1239	22225
1239	11869
1239	14363
1239	2274
1239	4766
1239	11881
1239	26695
1239	27200
1239	14381
1239	11598
1239	10390
1239	22406
1239	10480
1239	7350
1239	9405
1239	18943
1239	13328
1239	19627
1239	22769
1239	3502
1239	27238
1239	18610
1239	3955
1239	5048
1239	13445
1239	19727
1239	14646
1239	27246
1239	13711
1239	30228
1239	12956
1239	21630
1239	14557
1239	29865
1239	7859
1239	18796
1239	19851
1239	30457
1239	2939
1239	25909
1239	13366
1239	13363
1239	13369
1239	11957
1239	10840
1239	4323
1239	4637
1239	3602
1239	13489
1239	21555
1239	20437
1239	1767
1239	19201
1239	14296
1239	7497
1239	26099
1239	21990
1239	14891
1239	17105
1239	15480
1239	30337
1239	18570
1239	11984
1239	22575
1239	14999
1239	12181
1239	11588
1239	11458
1239	25923
1239	21787
1239	18447
1239	8008
1239	22234
1239	30052
1239	27471
1239	12180
1239	27527
1239	8109
1239	19883
1239	26324
1239	14962
1239	5503
1239	22517
1239	14074
1239	19019
1239	27174
1239	27419
1239	26013
1239	18724
1239	16875
1239	13506
1239	27401
1239	10346
1239	11091
1239	21938
1239	12407
1239	18656
1239	23318
1239	30401
1239	16422
1239	20402
1239	6118
1239	14929
1239	26220
1239	22276
1239	5742
1239	11990
1239	8128
1239	8071
1239	19984
1239	13598
1239	26163
1239	1975
1239	22159
1239	11404
1239	19770
1239	26126
1239	23496
1239	26525
1239	25775
1239	11743
1239	26134
1239	26178
1239	6255
1239	25617
1239	15065
1239	16988
1239	14257
1239	19409
1239	14598
1239	18608
1239	26373
1239	14233
1239	10246
1239	29995
1239	20127
1239	16997
1239	14461
1239	30211
1239	15130
1239	22828
1239	18844
1239	10444
1239	26336
1239	3527
1239	11437
1239	16799
1239	18945
1239	19986
1239	15157
1239	6440
1239	9808
1239	22109
1239	13416
1239	151
1239	22066
1239	27357
1239	7068
1239	21745
1239	10957
1239	18902
1239	10801
1239	21752
1239	26796
1239	12131
1239	19156
1239	26581
1239	22239
1239	27005
1239	20101
1239	27334
1239	3364
1239	13578
1239	17264
1239	14410
1239	11278
1239	21983
1239	26944
1239	22483
1239	14342
1239	11976
1239	13403
1239	21656
1239	19615
1239	23266
1239	14180
1239	25690
1239	14703
1239	31776
1239	7301
1239	3300
1239	20153
1239	20000
1239	5466
1239	19229
1239	12142
1239	30441
1239	30069
1239	21565
1239	11183
1239	25640
1239	11828
1239	23149
1239	11114
1239	22885
1239	29799
1239	6309
1239	27363
1239	26900
1239	8968
1239	12187
1239	3901
1239	11603
1239	26050
1239	22135
1239	26751
1239	19023
1239	27013
1239	16756
1239	18641
1239	26060
1239	8851
1239	29919
1239	19118
1239	14793
1239	25873
1239	13583
1239	6109
1239	12197
1239	15517
1239	30252
1239	2603
1239	10727
1239	23392
1239	8551
1239	6181
1239	16690
1239	19592
1239	17065
1239	8737
1239	9237
1239	21549
1239	13419
1239	30607
1239	14745
1239	14145
1239	19129
1239	17317
1239	11850
1239	23172
1239	11816
1239	18772
1239	20443
1239	20209
1239	30116
1239	3998
1239	13323
1239	11171
1239	7882
1239	23070
1239	3458
1239	11615
1239	22089
1239	27561
1239	20289
1239	7963
1239	22672
1239	19254
1239	17285
1239	24730
1239	26518
1239	23280
1239	9156
1239	8083
1239	17645
1239	17676
1239	11716
1239	26632
1239	11359
1239	18663
1239	23536
1239	19772
1239	11981
1239	14369
1239	6482
1239	12015
1239	10754
1239	8271
1239	25707
1239	14685
1239	14915
1239	4243
1239	18577
1239	13815
1239	19396
1239	12415
1239	14338
1239	14958
1239	7018
1239	26485
1239	20463
1239	16758
1239	10933
1239	22336
1239	21535
1239	20991
1239	19388
1239	17052
1239	14305
1239	22770
1239	10815
1239	17033
1239	25721
1239	25950
1239	22414
1239	17082
1239	25615
1239	16509
1239	11381
1239	1913
1239	22613
1239	5760
1239	7284
1239	19081
1239	21531
1239	27184
1239	7759
1239	1879
1239	7726
1239	16516
1239	3614
1239	18632
1239	13777
1239	26566
1239	23284
1239	20205
1239	21921
1239	6347
1239	102
1239	12141
1239	16531
1239	22409
1239	21562
1239	21518
1239	26784
1239	25665
1239	30046
1239	21624
1239	11272
1239	12115
1239	13763
1239	7877
1239	10860
1239	26704
1239	18500
1239	27404
1239	12322
1239	21398
1239	20103
1239	18603
1239	19843
1239	17770
1239	26952
1239	21552
1239	23529
1239	22220
1239	8528
1239	4307
1239	7982
1239	22280
1239	26725
1239	13840
1239	14828
1239	29912
1239	4134
1239	27336
1239	30527
1239	23119
1239	14543
1239	20120
1239	11595
1239	27696
1239	22763
1239	14743
1239	23183
1239	26164
1239	10435
1239	21714
1239	11439
1239	10912
1239	19126
1239	2379
1239	10995
1239	19367
1239	20115
1239	7633
1239	21650
1239	13576
1239	13880
1239	17350
1239	12676
1239	3644
1239	26158
1239	21863
1239	20129
1239	11650
1239	16703
1239	9989
1239	16804
1239	10597
1239	15141
1239	23160
1239	29745
1239	26236
1239	14309
1239	27185
1239	3768
1239	21928
1239	19389
1239	8437
1239	16838
1239	8289
1239	26396
1239	12552
1239	29807
1239	10694
1239	4716
1239	18785
1239	25821
1239	17281
1239	26899
1239	23013
1239	6989
1239	6730
1239	7060
1239	5650
1239	4230
1239	25692
1239	23147
1239	3292
1239	16898
1239	18673
1239	20090
1239	9595
1239	3455
1239	22617
1239	18810
1239	10397
1239	27220
1239	10928
1239	21853
1239	12076
1239	14188
1239	22448
1239	11139
1239	14742
1239	3246
1239	16746
1239	11575
1239	26709
1239	20240
1239	19886
1239	2050
1239	12178
1239	11719
1239	7321
1239	11030
1239	3815
1239	1311
1239	28729
1239	6580
1239	21987
1239	26342
1239	6062
1239	8708
1239	12361
1239	22796
1239	12273
1239	18593
1239	22171
1239	26973
1239	1240
1239	701
1239	26532
1239	22748
1239	27230
1239	11198
1239	12779
1239	15267
1239	11177
1239	10913
1239	18377
1239	27457
1239	10756
1239	9497
1239	30255
1239	14302
1239	18682
1239	18504
1239	22540
1239	25681
1239	20211
1239	13439
1239	7924
1239	10506
1239	26906
1239	26174
1239	26568
1239	26911
1239	4181
1239	10685
1239	10763
1239	15069
1239	27599
1239	13626
1239	26189
1239	14303
1239	10876
1239	6322
1239	19054
1239	2911
1239	11357
1239	26360
1239	20293
1239	22523
1239	26817
1239	20175
1239	16635
1239	4150
1239	23347
1239	13887
1239	22039
1239	20383
1239	15129
1239	11418
1239	30061
1239	23093
1239	4497
1239	29968
1239	9304
1239	20357
1239	22922
1239	14292
1239	12486
1239	12066
1239	5779
1239	46
1239	13527
1239	12133
1239	30343
1239	27368
1239	13943
1239	23502
1239	16634
1239	23375
1239	8560
1239	17070
1239	17259
1239	12192
1239	3505
1239	19532
1239	13472
1239	22176
1239	11040
1239	4538
1239	19193
1239	1791
1239	23367
1239	4555
1239	22005
1239	22754
1239	22435
1239	6363
1239	14359
1239	22993
1239	25943
1239	7258
1239	14648
1239	21831
1239	23336
1239	19530
1239	13776
1239	12635
1239	1789
1239	11791
1239	29704
1239	23240
1239	6917
1239	3566
1239	22743
1239	14847
1239	13765
1239	18634
1239	14532
1239	29717
1239	16927
1239	21530
1239	14989
1239	11530
1239	19748
1239	25870
1239	14128
1239	20042
1239	6167
1239	4314
1239	14738
1239	14619
1239	20485
1239	13563
1239	8025
1239	30209
1239	14801
1239	22599
1239	13189
1239	15227
1239	22296
1239	14347
1239	19933
1239	29924
1239	11005
1239	29207
1239	18874
1239	30232
1239	6432
1239	23180
1239	25941
1239	23361
1239	29900
1239	19834
1239	22342
1239	3561
1239	30622
1239	6128
1239	22216
1239	702
1239	27639
1239	1668
1239	23547
1239	4682
1239	26111
1239	22492
1239	25673
1239	14182
1239	3643
1239	27397
1239	18506
1239	6624
1239	20757
1239	209
1239	15166
1239	4456
1239	21521
1239	27269
1239	15018
1239	15320
1239	26128
1239	12000
1239	26686
1239	29977
1239	80
1239	14300
1239	11680
1239	22660
1239	19979
1239	22808
1239	27227
1239	11527
1239	23155
1239	15150
1239	13525
1239	2497
1239	19142
1239	10487
1239	23254
1239	25630
1239	26245
1239	6367
1239	17094
1239	14955
1239	2646
1239	17175
1239	4565
1239	19055
1239	14216
1239	26296
1239	6423
1239	19643
1239	2824
1239	19258
1239	16144
1239	27434
1239	10735
1239	30290
1239	20474
1239	27469
1239	17189
1239	19735
1239	18833
1239	11833
1239	22060
1239	2015
1239	21965
1239	210
1239	16424
1239	15258
1239	16860
1239	26148
1239	20325
1239	3701
1239	13824
1239	23023
1239	21797
1239	25646
1239	22746
1239	17274
1239	